114
57
24
566
451
898
66
1000
781
538
257
815
388
385
776
355
23
90
979
364
850
694
447
339
620
191
420
365
191
853
145
241
348
388
416
550
943
11
593
957
669
504
601
709
177
933
20
1
47
749
697
894
86
473
365
190
466
46
168
643
885
714
791
423
305
495
67
227
989
444
879
473
422
995
660
98
767
149
770
193
328
835
456
756
231
105
400
130
874
232
132
353
89
567
60
959
862
698
811
65
578
771
668
368
906
204
970
27
761
978
985
155
784
415
230
560
778
825
61
868
855
456
974
437
811
88
120
394
132
238
564
283
80
990
455
16
532
775
957
496
717
249
866
895
729
285
156
555
341
844
820
782
409
101
908
478
585
323
519
610
979
483
873
612
488
541
280
854
912
693
605
219
955
585
110
192
235
105
812
894
367
257
871
765
310
676
543
950
291
28
556
256
517
659
798
762
697
392
513
674
586
560
706
536
572
708
965
870
393
988
658
92
52
819
812
617
232
916
79
606
355
584
23
374
814
982
320
305
131
327
667
284
623
518
820
822
384
615
320
773
300
603
121
181
797
604
35
561
243
802
836
776
151
44
696
101
360
783
540
542
773
137
586
635
649
957
879
557
333
51
400
976
100
618
617
288
967
77
115
576
711
538
732
933
205
221
184
966
578
666
209
521
410
695
50
35
936
868
80
87
80
906
336
448
803
542
707
245
224
71
159
110
476
610
392
448
263
290
962
675
861
155
384
669
156
144
313
204
547
520
345
118
337
240
9
735
890
429
977
866
698
328
52
47
26
699
339
994
131
853
862
938
532
292
680
900
807
362
980
590
572
357
438
60
987
647
883
288
103
376
57
39
880
599
172
693
614
591
777
439
950
172
191
680
935
121
897
938
436
346
832
342
963
370
676
918
395
254
168
731
931
815
230
871
976
365
937
480
448
83
817
302
75
661
674
708
53
188
474
829
453
222
445
98
712
995
210
767
618
217
43
948
160
140
580
114
159
370
125
258
924
332
995
470
921
772
142
94
660
262
189
148
51
693
164
54
407
255
592
518
431
53
985
457
407
908
961
489
641
475
355
277
646
322
545
526
984
287
281
280
17
872
594
522
268
607
452
565
484
604
961
376
724
577
505
265
522
810
195
535
981
932
673
503
129
456
983
903
595
672
766
158
42
666
553
205
253
982
137
351
236
732
418
904
491
241
131
551
214
718
276
970
347
363
401
149
382
615
151
357
610
2
842
53
434
808
97
310
35
459
163
260
643
484
988
95
99
795
459
387
927
39
491
861
231
98
635
639
448
838
747
110
697
22
664
65
472
617
217
571
734
452
871
119
425
302
578
383
580
272
300
672
247
955
209
459
785
990
827
34
600
122
185
212
618
517
398
728
489
989
195
9
648
293
46
720
892
136
892
483
731
762
151
178
804
569
951
673
813
884
417
27
602
740
547
673
618
485
313
926
102
221
672
811
84
552
711
536
699
305
367
142
701
486
563
19
381
107
13
192
94
266
322
890
189
739
363
651
174
847
195
471
999
978
892
342
363
265
998
735
241
600
653
791
934
212
428
396
230
69
5
656
977
997
802
483
191
686
801
211
504
770
115
184
528
254
19
488
641
385
549
600
489
24
976
780
72
345
106
90
385
984
814
641
599
182
628
111
691
113
387
80
695
817
98
990
147
320
72
870
344
150
673
59
556
621
917
321
77
433
326
19
3
638
498
161
576
847
814
942
206
487
832
699
44
921
381
190
23
958
961
956
936
132
24
717
682
106
930
430
427
338
584
597
87
425
50
103
788
176
305
323
372
125
312
388
423
510
813
737
790
951
470
406
345
570
957
172
122
177
834
569
513
774
299
331
729
807
506
781
358
524
313
511
353
991
899
501
127
217
62
890
55
705
916
737
725
144
888
826
211
720
772
221
82
260
279
528
152
396
696
549
311
492
4
405
981
640
582
355
409
347
962
398
317
770
314
15
860
564
624
865
517
595
200
12
74
988
747
113
49
253
397
773
556
794
603
254
68
651
960
170
246
918
867
356
427
430
4
175
764
866
820
788
430
843
962
858
330
745
903
117
550
814
19
373
175
465
631
13
431
570
981
426
35
58
7
827
801
59
177
217
552
440
193
942
988
327
344
26
790
988
479
321
855
480
349
613
64
770
331
281
524
518
461
350
679
6
741
88
906
21
12
664
931
746
175
399
324
493
459
451
358
511
574
475
384
466
626
156
44
944
917
583
372
208
399
311
286
484
27
873
729
433
639
382
790
749
471
979
133
128
539
911
395
477
119
556
268
595
382
600
65
892
684
632
909
760
174
75
21
700
6
465
402
959
655
582
568
7
408
723
612
585
331
673
908
578
844
831
626
106
638
441
32
3
631
595
407
251
89
332
175
18
146
285
471
510
495
224
194
80
43
320
870
570
74
633
469
846
278
605
180
681
529
370
506
118
936
875
725
125
361
863
33
858
177
435
19
792
604
524
117
94
100
385
561
834
869
559
124
108
393
489
295
448
333
706
226
566
170
357
599
9
229
42
641
344
94
224
952
240
291
207
534
416
431
520
128
7
989
106
543
283
804
476
584
553
621
786
202
779
509
560
512
877
510
209
173
895
981
791
733
396
276
315
818
353
348
83
485
549
982
130
933
546
755
489
49
624
118
471
545
237
580
526
410
12
398
984
884
126
603
683
900
987
761
882
556
901
323
892
43
611
401
257
321
703
797
773
947
273
31
110
551
910
449
809
870
9
24
591
81
126
272
207
622
195
750
368
774
492
743
92
575
806
32
689
231
184
427
192
121
351
756
978
775
541
316
580
885
394
12
510
930
7
98
158
557
448
574
908
844
382
183
735
742
361
870
525
360
430
159
246
307
960
761
891
489
240
237
599
400
219
37
940
78
537
621
830
509
534
495
452
129
144
992
177
164
326
951
32
89
717
302
179
793
409
927
582
96
440
565
196
167
579
423
541
726
90
360
376
208
10
586
118
614
300
507
657
890
174
775
826
165
932
606
375
445
640
729
21
43
969
555
790
65
79
226
499
68
914
483
784
383
214
68
4
145
714
386
857
203
500
524
936
677
155
700
786
537
676
376
201
280
649
179
642
306
721
313
294
986
257
303
321
589
153
702
688
846
212
752
403
164
833
587
967
901
535
267
720
761
358
693
353
520
17
123
46
250
246
535
371
104
350
469
594
541
626
627
579
936
363
975
644
99
970
227
224
662
938
247
743
133
164
53
65
981
366
527
64
626
994
521
480
916
328
676
414
124
125
560
982
131
555
933
728
640
515
975
509
208
231
18
717
442
433
807
400
658
578
509
9
257
428
914
705
606
695
592
995
685
515
248
42
937
990
849
915
36
83
870
443
759
304
915
94
47
505
876
755
813
134
81
733
399
728
421
99
143
679
746
442
746
215
994
260
174
977
71
814
472
344
248
157
373
954
201
129
766
448
886
815
273
27
365
97
842
184
812
546
874
537
379
123
915
500
823
496
215
332
947
97
190
398
113
554
949
281
876
648
910
495
963
271
535
459
939
512
702
787
723
801
265
296
653
448
1
566
809
992
871
394
196
993
273
564
336
927
373
344
643
656
20
814
865
252
595
483
709
556
713
402
548
939
663
358
435
865
338
261
217
561
96
594
13
546
907
727
51
583
933
544
847
701
502
566
498
585
60
606
507
746
755
49
917
699
357
977
308
266
550
813
285
790
805
203
663
74
630
749
304
187
434
620
664
412
695
861
251
834
727
763
717
627
546
488
885
513
81
675
70
447
276
239
993
938
948
251
972
489
157
92
266
610
150
227
669
92
826
77
757
121
50
9
906
362
700
901
645
356
663
732
270
672
713
355
597
425
822
79
845
449
103
822
583
168
820
447
371
202
385
239
455
666
628
797
944
21
658
856
417
233
335
352
890
598
422
521
906
739
102
75
260
897
751
934
616
418
255
379
976
71
391
458
949
125
794
465
93
626
420
134
960
247
772
356
526
10
338
857
475
837
63
545
534
597
398
906
590
533
1000
560
492
111
288
308
321
158
708
885
537
959
258
395
771
312
185
271
320
347
568
935
275
321
650
65
601
340
942
490
311
835
789
805
687
710
324
807
538
819
18
434
396
81
283
550
886
943
436
564
858
324
451
977
523
201
183
873
677
300
405
498
516
601
786
705
964
37
206
810
253
109
770
287
824
185
460
886
72
35
853
939
268
721
486
844
956
499
718
933
153
881
629
411
531
597
553
531
33
49
418
109
976
543
98
565
213
142
962
24
387
782
378
345
135
867
218
252
273
177
918
612
181
703
475
572
797
794
538
124
506
542
112
948
403
559
925
491
25
306
135
665
510
931
149
684
909
874
530
637
165
25
876
970
162
144
344
716
799
135
335
887
258
883
221
638
417
760
286
659
936
742
96
787
956
567
176
720
9
457
940
809
753
681
396
880
37
708
898
330
147
524
181
201
483
131
764
338
136
283
450
275
570
783
510
633
985
292
303
525
91
298
332
170
417
891
430
666
723
3
951
310
580
127
811
780
662
546
631
103
835
812
38
728
539
611
909
561
526
409
360
237
468
937
454
50
377
56
640
281
237
742
468
843
173
124
417
350
408
794
15
628
849
865
270
940
41
857
901
846
68
594
562
171
390
466
587
695
155
885
381
712
728
587
815
7
313
983
312
576
659
546
633
168
39
764
970
520
718
652
21
592
717
284
813
993
993
845
290
772
824
637
11
289
588
397
510
558
277
731
299
113
630
984
356
658
192
979
682
287
390
872
705
938
158
20
906
758
91
48
854
247
968
66
869
313
244
640
615
696
268
412
369
449
532
270
213
172
224
719
906
357
376
252
899
783
351
549
415
37
732
990
32
5
10
278
308
314
445
993
921
41
108
266
792
202
538
782
310
910
489
349
188
474
520
483
707
927
149
105
421
86
630
175
356
801
246
46
254
13
162
692
976
829
595
677
679
847
155
96
551
669
365
816
907
912
962
582
830
615
421
252
242
875
678
212
60
301
583
733
321
758
864
629
116
554
248
94
428
587
13
505
105
810
468
597
240
31
93
232
753
752
230
68
326
18
977
791
729
914
732
195
214
342
791
145
787
218
520
657
420
985
735
299
752
334
36
421
550
52
289
734
361
332
229
917
941
483
888
993
239
321
827
66
991
179
266
885
258
732
103
699
370
812
722
859
588
610
306
837
494
250
60
182
111
846
760
543
746
143
111
913
54
351
535
850
122
751
132
662
210
911
518
629
922
584
709
897
905
772
621
227
279
230
71
939
783
181
641
655
798
914
677
763
831
720
894
380
670
859
189
65
738
550
235
13
736
789
736
479
567
465
64
264
716
372
849
259
160
605
257
37
270
782
309
453
83
924
310
818
701
64
771
445
529
590
169
909
208
64
92
603
946
990
317
369
468
309
731
222
871
230
554
980
320
685
226
984
386
184
557
872
611
421
322
658
359
297
844
568
830
158
521
38
841
275
473
868
604
723
357
665
297
430
178
386
954
54
948
602
414
439
826
607
598
208
989
607
753
818
356
566
437
302
231
639
924
540
911
253
285
227
331
113
940
606
321
990
117
678
6
607
162
980
352
1000
37
966
957
112
216
469
989
552
846
449
220
928
996
614
280
925
147
805
320
399
877
963
674
801
487
846
386
70
165
502
74
768
236
674
750
887
439
881
991
348
832
621
617
212
665
519
550
109
751
683
893
894
398
888
740
395
24
654
105
968
630
147
566
646
141
245
771
184
552
298
203
408
212
629
292
568
675
532
937
251
577
652
366
645
214
329
725
971
177
373
756
898
340
593
931
407
761
844
667
483
98
691
551
125
156
633
535
686
412
413
829
119
935
630
105
878
819
290
298
557
7
736
817
397
541
579
889
614
851
753
609
536
105
169
463
367
518
153
438
118
697
98
740
208
269
61
10
226
958
188
775
618
66
57
62
137
639
371
537
328
879
463
836
519
866
162
797
116
428
672
45
243
200
13
537
243
799
287
13
436
574
817
326
971
715
867
879
718
815
549
234
34
221
121
388
628
602
229
212
412
663
75
725
831
156
983
385
726
423
803
275
796
245
697
306
119
592
164
261
721
204
476
864
591
835
372
716
273
445
2
957
414
563
650
136
554
896
885
496
314
271
336
830
732
883
958
562
642
865
121
987
356
738
333
985
135
152
914
20
833
941
477
886
932
653
355
638
152
770
879
85
957
117
54
952
259
380
268
765
259
461
693
690
491
778
665
371
46
697
256
948
6
115
683
10
94
568
429
664
125
884
636
997
448
974
429
478
17
743
16
802
770
220
489
575
971
697
182
450
694
727
784
686
709
636
849
433
556
993
417
992
731
15
896
953
193
1
346
828
739
998
385
942
349
898
774
764
391
712
801
664
407
865
244
218
879
139
481
275
231
508
778
303
158
455
12
870
346
609
118
818
49
259
487
747
393
911
792
703
64
244
777
854
167
392
309
5
50
144
291
195
937
103
691
558
372
217
426
217
257
798
20
954
33
538
607
374
635
796
561
858
548
454
9
40
901
548
751
319
482
575
967
16
382
423
390
487
844
487
52
179
830
13
14
548
496
963
385
647
296
378
625
254
532
796
343
492
552
221
352
617
385
835
932
690
661
406
838
591
308
330
777
611
474
544
448
188
300
512
652
290
766
527
256
882
140
660
162
119
743
458
352
758
145
218
260
753
248
452
493
298
103
736
555
629
713
292
843
36
909
933
676
76
754
132
188
627
660
219
602
374
382
720
118
902
48
488
283
418
93
354
307
138
829
468
63
819
79
824
274
861
11
136
959
203
621
282
433
566
725
481
649
129
866
527
539
565
560
404
739
567
251
421
450
504
569
901
562
977
767
742
91
418
576
434
957
837
465
47
101
621
108
403
400
237
540
131
556
432
436
1
56
928
75
517
249
183
332
246
953
187
373
960
492
50
823
821
3
380
708
249
332
785
63
742
831
273
738
650
544
227
312
738
488
555
906
172
313
656
536
816
480
325
774
330
756
151
492
503
184
685
22
612
287
128
986
535
221
545
98
938
909
952
664
195
627
375
197
22
429
362
469
764
714
150
338
716
270
550
863
39
185
966
15
168
617
636
788
876
611
829
580
551
828
359
651
452
961
321
879
189
628
157
975
679
149
406
290
141
399
58
280
74
279
956
420
192
800
454
54
333
99
201
698
884
528
88
927
382
945
924
535
856
592
87
352
33
4
556
909
764
275
65
618
818
694
975
863
963
327
159
458
536
154
884
789
906
619
135
929
229
289
905
872
167
31
617
63
750
277
821
793
881
843
775
790
361
263
940
71
299
356
484
802
968
707
422
847
624
775
114
608
438
213
507
139
540
359
995
358
983
184
168
244
13
988
512
929
749
85
469
912
313
983
489
342
845
224
76
419
817
118
700
294
135
546
112
178
347
83
17
293
226
753
832
784
516
804
696
238
276
62
623
269
11
98
245
793
101
288
585
634
11
118
78
534
7
533
907
128
939
368
239
792
441
995
232
490
186
167
876
894
953
238
270
477
950
685
583
762
265
8
980
486
936
351
92
185
541
619
340
743
374
73
55
181
64
920
834
504
355
200
917
251
564
557
651
626
73
696
474
162
76
771
264
715
438
275
726
954
572
372
752
894
453
951
191
971
400
60
775
918
747
323
590
473
398
537
95
787
501
580
331
174
550
97
490
399
643
913
362
251
446
708
733
584
440
523
16
230
215
656
214
909
957
204
633
905
548
289
680
464
81
642
42
981
219
751
495
729
444
952
250
377
697
459
376
546
889
19
253
636
781
484
94
660
959
95
139
744
317
984
883
120
747
700
116
436
22
609
145
798
181
435
530
720
175
366
947
197
525
489
39
625
292
755
570
537
526
192
677
635
436
175
259
523
914
944
329
560
992
978
95
164
620
354
203
871
62
316
335
105
218
198
577
149
109
390
481
4
904
423
211
699
66
303
420
707
829
537
225
73
417
158
262
914
724
674
233
319
971
925
312
29
920
843
447
267
883
749
204
741
692
621
205
300
165
470
955
369
27
617
497
917
808
204
907
96
612
215
66
419
650
639
247
208
297
73
939
413
212
458
522
680
994
167
426
564
27
295
939
767
369
114
725
187
455
394
672
344
737
164
163
677
64
278
496
843
277
76
701
816
384
264
74
484
848
508
532
104
348
11
255
350
694
243
669
809
373
581
117
434
263
99
91
770
95
369
455
234
512
153
76
754
296
545
661
521
970
707
443
140
351
804
947
981
210
685
926
685
484
928
70
917
734
256
791
965
759
741
65
827
916
327
17
695
712
817
958
475
956
92
635
989
100
778
742
931
883
728
28
130
511
152
704
282
981
334
633
778
204
513
614
279
713
265
536
626
600
538
549
46
658
732
523
341
791
910
187
282
417
487
607
837
751
984
256
549
85
838
960
232
505
136
226
557
871
111
514
61
25
719
254
475
493
562
249
477
598
640
748
663
326
222
713
618
110
630
583
639
816
665
131
299
218
218
912
468
910
355
598
289
100
510
429
142
297
192
958
106
303
797
752
983
909
862
730
273
246
442
63
846
558
372
871
206
13
885
40
525
36
122
118
291
825
392
642
960
118
505
843
852
618
664
577
875
519
294
223
369
792
667
682
73
760
959
386
921
956
750
75
395
185
575
495
477
494
722
944
675
658
484
605
919
829
322
274
934
634
725
829
469
998
377
243
214
834
885
221
32
320
350
365
51
788
503
358
720
795
447
874
593
807
470
20
92
900
913
447
675
886
302
457
271
708
265
381
830
509
815
495
906
10
413
270
790
186
763
743
251
224
792
498
416
685
818
770
3
108
999
172
760
600
790
303
821
703
300
405
343
375
987
382
828
62
369
777
783
107
829
292
66
774
449
853
37
405
169
440
298
856
641
396
715
290
654
176
828
397
217
325
441
861
797
479
737
917
483
515
556
530
853
550
789
11
80
648
858
571
23
5
544
542
767
755
420
670
65
220
238
102
722
305
126
723
982
421
912
195
62
29
859
957
697
929
344
78
290
56
840
105
723
917
785
47
646
662
934
678
280
98
635
797
36
238
575
907
53
8
371
295
793
597
699
831
448
895
428
957
310
7
301
42
86
516
313
326
928
508
855
822
458
869
599
61
100
903
893
884
974
717
453
445
241
856
341
500
464
435
8
147
707
730
14
331
854
875
613
738
338
666
106
557
484
219
587
534
360
834
188
487
41
886
669
595
151
632
263
121
905
870
737
872
493
387
951
698
91
276
401
610
300
543
25
454
925
469
961
249
179
878
380
461
164
692
759
945
987
484
796
340
864
228
3
841
663
952
503
487
124
35
811
262
530
250
486
745
977
670
856
425
959
85
902
386
825
73
990
928
641
402
683
54
520
147
834
693
434
516
60
216
633
446
266
603
845
128
161
298
524
630
732
662
66
616
348
682
397
398
748
313
771
910
565
22
469
188
565
439
731
847
823
308
567
730
135
743
211
343
384
193
197
409
737
698
241
811
950
548
410
175
522
700
973
966
938
209
134
873
100
157
757
232
112
159
987
34
537
790
993
608
768
114
563
675
841
153
432
165
438
912
368
57
165
257
897
200
81
904
429
257
914
205
770
113
539
759
602
187
972
902
329
768
440
521
126
698
949
73
862
948
507
937
263
443
292
264
639
307
178
14
111
470
769
419
702
923
260
186
47
950
119
954
434
478
296
123
567
339
108
280
207
867
714
392
485
676
492
131
173
539
458
466
781
807
443
33
142
415
173
56
204
216
625
51
598
262
534
65
339
881
224
89
143
569
213
116
284
510
662
39
474
429
250
522
161
955
983
382
597
837
692
35
839
61
696
88
520
528
789
396
759
768
459
658
539
248
481
27
294
1
567
486
210
140
879
258
763
26
539
259
267
523
278
190
905
280
95
832
804
459
629
100
194
483
796
131
912
309
943
134
618
426
446
665
691
178
421
130
99
943
687
272
476
551
985
721
908
376
566
558
989
14
665
452
97
217
470
359
210
613
366
884
922
431
263
785
978
217
916
909
863
986
887
283
957
772
193
87
275
105
7
310
48
761
695
148
359
117
524
324
385
286
522
587
455
142
184
451
768
130
114
560
801
752
515
284
979
662
413
279
90
618
696
729
891
957
123
174
837
51
888
44
652
918
626
66
970
239
851
929
687
522
228
952
16
889
389
374
872
321
803
365
675
975
652
873
186
693
571
279
310
763
511
25
447
737
630
390
115
648
142
82
107
364
546
927
384
59
43
638
531
795
349
355
542
806
19
883
219
152
587
395
659
834
431
777
783
631
316
289
730
468
83
301
288
229
49
691
319
911
171
956
701
666
861
390
792
452
829
196
665
982
110
822
83
591
273
311
657
903
58
663
812
208
402
997
575
906
896
684
99
624
752
244
565
722
925
297
588
325
452
774
604
544
59
747
956
405
689
62
479
905
818
321
100
608
334
135
43
609
63
601
18
221
331
301
792
490
171
861
868
884
527
935
73
201
34
379
721
462
266
925
513
897
591
894
36
477
498
349
694
776
924
784
276
853
592
11
370
872
414
143
768
916
886
189
661
789
360
621
15
411
590
335
459
452
243
94
234
302
215
71
395
962
753
996
344
968
523
663
217
215
763
51
17
268
194
727
356
839
591
443
135
650
459
926
812
993
906
467
234
916
27
425
503
679
135
182
935
821
126
422
122
632
929
871
837
334
581
173
199
127
622
689
622
575
905
159
513
591
910
321
240
916
655
277
860
816
516
163
649
914
257
368
738
317
466
422
642
292
966
432
726
862
134
707
930
154
509
502
133
129
447
556
471
190
183
557
401
874
693
488
156
228
684
25
547
924
51
900
693
541
891
379
550
828
499
487
450
842
506
798
715
839
820
658
260
178
98
262
9
308
964
107
659
108
696
108
181
205
88
416
495
526
725
920
161
187
966
686
878
137
477
88
147
262
659
285
858
671
857
120
988
774
823
909
849
462
259
39
394
109
156
131
16
869
903
521
943
138
657
362
956
565
463
11
912
413
133
25
799
281
925
314
527
619
754
124
504
211
797
500
658
37
563
642
892
837
790
187
31
807
808
942
12
745
950
6
44
484
756
440
449
423
112
164
222
404
483
107
648
165
285
936
75
261
839
401
630
622
516
459
338
643
737
173
529
97
235
272
906
666
107
529
595
400
996
281
394
611
131
143
874
115
418
837
158
4
90
266
596
331
159
596
711
603
539
640
794
997
955
395
314
234
135
537
499
464
885
778
613
107
555
350
767
850
428
325
456
567
843
295
430
925
113
602
589
568
423
639
246
479
778
380
23
339
584
653
347
146
34
64
619
746
814
947
546
170
995
524
371
880
641
801
281
874
781
577
52
30
687
885
191
610
420
163
218
677
744
962
266
260
422
139
392
456
524
16
442
571
253
609
127
176
534
793
95
412
695
69
317
647
682
748
433
189
590
858
610
931
211
603
437
536
632
462
796
982
670
510
438
781
247
940
804
627
692
117
878
103
492
46
104
596
530
670
176
276
758
84
324
387
437
639
991
350
611
268
173
626
851
374
857
991
928
736
354
134
906
48
644
882
428
888
767
681
683
811
146
727
779
992
131
151
952
885
825
636
17
37
408
421
436
633
642
280
209
737
81
680
167
968
395
850
702
165
936
719
963
622
438
10
19
25
491
537
724
792
497
387
936
4
357
397
721
708
549
408
225
26
763
781
116
284
926
590
673
998
969
253
801
433
719
462
680
464
745
363
422
749
403
992
587
102
317
691
249
130
860
137
62
724
687
356
604
684
18
352
799
547
74
83
486
308
271
906
849
351
378
510
383
644
795
915
157
123
763
754
90
668
668
665
730
514
862
279
491
644
214
239
243
673
339
531
269
204
585
939
663
275
681
486
95
824
432
768
321
280
244
856
621
741
861
219
307
781
111
200
873
880
175
16
117
247
304
3
744
933
3
960
114
527
954
854
255
731
754
644
920
672
71
189
346
385
228
361
388
127
705
954
371
176
420
88
452
671
657
986
236
435
415
46
737
417
697
185
29
161
782
743
997
13
344
929
875
740
180
82
667
865
902
453
916
387
490
377
255
395
299
759
342
296
964
369
531
844
894
426
516
925
925
641
439
65
106
55
348
54
676
10
572
643
90
124
19
278
240
313
356
291
493
101
725
691
416
847
916
560
29
591
619
48
912
455
364
623
237
344
80
372
694
728
682
183
279
245
514
971
113
768
60
121
363
25
696
876
397
256
329
624
640
74
515
123
352
973
544
862
252
843
621
951
266
629
632
497
564
864
462
219
171
477
31
674
782
253
776
578
282
739
793
361
385
64
686
375
641
8
582
541
738
951
444
191
679
122
988
589
890
804
210
523
64
643
905
788
123
265
234
912
652
623
178
920
291
123
44
270
281
134
820
574
579
192
398
579
663
297
108
975
957
158
576
232
627
771
414
153
317
606
37
479
717
984
107
606
344
398
358
656
503
76
744
582
781
272
56
387
126
555
391
388
885
215
865
978
361
605
318
280
1
145
717
167
164
340
789
417
937
502
608
715
505
121
572
777
361
721
658
821
466
735
228
185
491
134
586
83
278
64
709
24
32
821
432
827
524
523
866
368
334
108
11
186
40
516
772
677
825
573
339
254
417
582
468
773
582
985
556
56
569
546
786
803
778
45
683
420
138
246
634
484
713
235
362
300
907
928
783
868
252
779
75
368
924
625
484
5
122
470
151
193
31
839
733
886
80
681
34
753
798
478
277
117
285
530
90
398
166
957
323
688
586
746
429
578
332
292
241
161
259
169
243
638
452
122
552
257
295
689
283
758
207
375
832
832
32
107
457
725
46
457
393
779
624
573
916
266
95
798
685
530
413
295
577
215
834
556
486
622
401
96
726
383
817
350
160
949
95
421
120
443
104
267
700
690
429
340
899
148
380
535
950
907
465
400
843
572
440
482
21
686
482
735
336
147
15
420
510
224
352
393
760
97
674
67
991
417
817
629
117
793
378
369
525
112
870
925
817
776
376
74
938
575
444
498
943
472
89
831
424
925
707
720
545
72
803
873
333
546
365
932
508
552
15
971
254
612
993
265
912
303
813
355
730
489
635
525
904
524
66
81
731
139
689
998
441
830
172
698
370
538
350
243
577
297
63
271
533
143
486
790
143
387
81
173
668
534
382
878
450
102
383
445
765
974
288
174
775
777
462
708
117
824
671
745
469
208
255
805
919
407
272
855
711
672
933
773
814
183
136
78
892
659
693
180
810
334
864
771
410
640
815
532
587
790
941
526
458
868
556
406
968
969
99
705
235
57
401
915
486
307
103
217
505
1000
485
317
230
796
828
643
344
934
954
500
792
88
930
795
308
770
751
688
71
999
488
519
948
476
238
70
265
331
948
924
716
827
28
391
886
302
221
294
659
160
349
563
49
606
613
376
742
484
110
301
515
753
183
368
204
811
515
560
703
178
799
868
985
37
388
77
900
778
136
171
489
966
828
260
621
769
66
74
86
184
111
584
538
946
40
478
95
789
659
766
70
299
582
2
778
385
355
858
649
694
738
964
716
645
804
155
949
77
973
26
840
394
682
581
974
261
857
596
371
429
700
684
119
826
306
225
106
160
212
625
733
870
167
939
647
833
865
385
718
324
779
294
431
700
182
324
248
747
345
110
159
31
769
884
281
60
853
849
997
72
347
81
38
84
648
640
637
329
777
195
310
791
929
501
710
874
237
870
922
522
405
937
522
893
438
908
866
951
926
645
222
753
638
937
995
813
825
920
609
995
997
518
179
876
909
975
165
697
310
504
130
980
189
516
528
95
693
290
27
923
794
554
655
675
782
524
588
784
327
764
602
154
220
186
620
145
611
141
326
623
609
521
629
853
236
223
559
275
924
403
258
306
1
300
722
565
921
343
501
480
272
952
585
581
247
518
865
568
579
281
241
272
460
60
76
242
371
525
467
668
617
564
639
839
52
432
941
634
371
148
184
590
146
64
750
494
663
673
835
851
685
882
123
578
431
649
635
176
205
298
474
111
630
833
260
811
67
224
750
313
727
810
116
130
611
580
793
918
853
484
72
18
557
993
427
711
706
460
195
921
555
569
503
905
653
674
291
583
859
954
420
786
677
904
831
603
399
964
555
116
226
928
453
853
476
429
703
393
51
616
78
66
213
581
307
324
717
167
16
298
498
194
814
572
668
857
617
191
968
277
131
992
451
496
978
408
772
444
268
670
490
748
750
866
766
925
164
247
78
525
86
598
900
522
680
635
67
671
500
500
838
858
929
718
868
727
312
122
436
638
982
17
450
105
825
880
572
971
349
437
8
217
118
908
151
522
522
428
49
203
182
669
334
275
198
147
128
30
7
482
930
865
67
925
99
397
10
407
660
315
291
545
238
686
448
592
890
202
987
349
717
424
545
800
181
520
312
17
747
342
936
255
334
519
213
727
294
197
728
485
565
202
807
208
384
56
196
322
137
991
617
383
715
942
410
250
300
684
91
407
658
445
351
214
679
320
405
233
717
204
870
890
602
543
329
823
174
388
364
330
361
770
398
576
484
170
960
775
592
262
762
258
657
151
788
599
483
285
428
126
655
564
969
163
173
263
351
97
25
507
724
14
476
654
629
866
185
437
655
482
771
508
90
5
163
30
728
153
139
455
213
62
497
294
197
644
11
466
90
725
326
175
941
129
557
863
194
780
683
639
994
272
744
875
298
599
384
523
524
558
453
31
25
123
53
166
139
982
496
34
503
776
309
589
740
688
651
564
354
958
736
848
492
417
60
23
370
81
771
522
839
323
381
926
481
236
332
435
910
945
830
803
361
640
159
255
936
324
752
824
699
821
817
466
673
786
778
427
909
356
642
633
103
508
912
919
617
925
162
573
573
229
34
487
941
309
750
588
85
966
261
396
493
354
480
875
154
889
518
444
719
98
520
59
168
739
648
108
985
812
600
919
241
651
573
796
185
323
888
232
295
810
972
980
772
966
62
88
262
949
720
347
11
463
651
977
220
805
599
591
92
970
393
979
698
353
635
716
915
421
825
710
160
459
45
630
31
11
584
450
4
922
984
875
481
244
895
851
889
581
440
934
96
188
475
992
739
847
171
329
141
165
677
454
710
930
18
772
906
429
693
819
229
597
755
668
697
222
872
863
522
123
300
330
194
986
323
563
794
646
537
537
223
435
436
965
885
206
428
669
388
752
797
736
843
494
562
779
145
663
51
866
245
811
653
979
114
316
706
773
871
680
446
287
886
561
764
83
602
92
440
513
338
400
436
673
414
891
802
954
475
925
879
46
974
433
374
983
333
27
707
803
210
370
431
432
174
370
12
390
389
108
495
933
128
188
534
215
323
428
954
548
7
270
922
233
58
872
91
974
313
477
105
898
365
903
679
757
992
642
59
350
36
852
10
81
869
583
176
28
189
737
437
853
56
174
451
235
379
140
112
266
624
850
69
443
958
330
349
271
67
888
941
835
92
105
592
476
197
84
739
791
881
52
798
887
576
148
22
50
37
969
354
736
747
649
183
440
653
255
740
870
715
293
262
249
784
804
150
642
595
187
297
641
95
167
25
840
410
190
689
546
885
286
441
995
116
878
900
279
877
365
868
767
893
302
187
927
850
787
609
25
130
996
572
807
94
580
635
526
14
283
771
990
906
807
482
424
860
276
197
582
151
598
784
187
571
226
976
510
223
563
938
536
313
8
242
463
196
638
777
663
917
437
629
339
255
752
828
413
527
71
272
503
881
562
399
66
341
849
933
514
459
323
158
389
254
563
53
687
190
184
983
432
18
501
45
575
593
408
622
254
296
62
379
781
981
529
173
234
460
114
486
328
755
904
644
804
696
453
506
291
652
130
485
220
330
436
104
434
119
182
36
155
716
481
220
549
897
784
541
923
423
852
2
71
645
359
904
190
909
361
588
137
53
116
843
13
924
260
246
488
61
298
601
65
210
820
373
150
798
304
151
518
30
382
507
803
381
300
17
311
937
790
655
56
204
205
61
49
47
78
609
105
510
504
746
342
957
901
460
800
881
380
180
91
631
338
832
921
600
141
799
684
20
748
643
36
879
222
321
189
60
475
253
514
224
760
201
647
196
320
765
189
274
548
13
616
277
2
311
533
758
741
233
261
778
753
857
975
272
595
214
895
778
412
934
919
50
33
486
834
779
718
118
43
322
380
55
64
922
202
667
136
549
632
101
734
759
155
272
556
129
172
535
313
27
814
15
893
700
661
221
842
92
205
272
653
646
792
944
293
393
792
93
313
94
877
335
591
589
283
975
169
140
557
980
97
728
105
119
27
309
951
88
116
187
286
632
658
309
167
698
159
344
605
480
206
226
768
583
509
457
389
613
984
155
133
209
144
669
29
91
416
957
359
994
301
780
918
658
96
933
537
412
662
123
313
941
3
544
567
412
561
655
635
624
215
129
521
151
640
431
988
890
165
405
527
76
115
470
304
998
423
182
140
801
907
991
195
806
142
815
600
46
209
867
208
227
936
183
417
314
26
788
452
141
841
75
887
41
552
582
28
710
475
777
791
258
342
962
141
69
903
842
479
542
427
631
758
35
846
917
323
629
388
131
200
167
46
122
687
787
419
918
89
939
561
331
809
275
735
150
727
689
962
638
125
222
780
326
900
753
697
623
624
116
793
63
321
977
874
567
564
4
454
585
75
135
859
708
885
88
398
142
359
671
74
856
100
878
415
238
458
66
336
41
580
539
697
897
722
261
591
202
235
270
157
417
803
627
246
397
337
963
914
919
782
471
641
141
341
602
243
457
939
339
180
555
244
730
526
949
210
648
866
363
235
810
106
974
869
197
810
490
555
512
813
915
154
188
654
496
511
253
341
746
214
522
49
399
597
298
60
880
485
662
358
582
637
81
404
47
63
626
139
72
844
569
901
43
703
226
389
530
832
795
67
53
871
280
900
834
443
969
901
560
964
275
513
439
831
678
356
668
506
913
4
247
987
975
563
675
586
999
805
476
377
371
13
708
625
976
556
157
477
767
240
397
66
842
600
79
708
998
476
247
994
870
528
657
802
442
270
955
808
674
256
831
582
700
97
677
935
458
411
677
800
725
798
777
274
532
761
392
512
396
544
513
818
55
607
586
60
602
562
295
997
610
588
432
978
519
606
808
723
264
475
166
969
610
881
38
676
770
143
383
858
686
440
218
195
44
459
975
993
270
65
267
598
641
342
561
257
769
931
874
726
9
373
709
227
359
577
399
964
568
298
482
833
579
388
143
990
262
315
733
894
421
419
174
918
232
852
539
685
994
893
252
988
683
612
138
715
549
770
161
684
836
187
824
658
358
813
896
979
182
740
242
647
532
896
745
605
33
833
741
885
741
867
165
989
814
278
672
705
670
26
431
756
187
885
146
689
935
627
41
524
505
703
945
185
920
948
987
796
598
385
760
80
277
912
183
377
254
229
154
738
578
976
457
146
547
51
998
966
327
57
671
242
789
537
267
67
931
828
148
827
64
792
102
499
409
92
566
906
693
63
872
287
957
899
584
329
967
402
912
462
345
437
992
709
285
214
498
574
378
141
113
87
161
573
265
156
886
131
697
770
758
900
702
858
761
789
368
772
35
511
171
290
187
467
762
640
428
641
582
815
641
988
403
995
752
610
50
451
406
328
670
215
292
438
819
532
357
747
403
123
986
290
594
181
901
945
537
778
668
489
523
75
456
103
982
657
816
657
7
198
982
548
252
48
366
311
698
687
161
4
767
711
215
991
660
381
622
282
237
111
174
373
875
428
665
742
749
286
18
797
94
977
25
162
951
924
823
86
5
354
652
333
435
779
314
407
431
216
747
746
697
636
14
752
453
375
897
926
744
874
23
918
700
742
518
247
786
130
591
660
506
495
158
183
566
140
235
185
540
942
108
968
744
968
573
910
628
239
49
383
607
586
158
661
993
628
187
272
387
837
330
100
302
262
1
711
190
747
977
374
222
121
191
379
661
651
910
324
228
130
115
636
112
98
468
413
160
948
993
381
608
64
236
15
323
441
830
611
849
312
330
459
122
29
477
402
590
335
157
966
743
649
534
192
845
1000
382
315
23
642
991
151
850
617
286
442
185
549
610
864
473
976
565
833
450
716
349
849
546
940
400
227
206
508
438
49
404
175
197
366
54
275
444
499
40
724
391
125
915
470
258
709
473
556
855
246
682
18
379
347
102
132
358
602
170
725
872
19
731
702
146
566
235
253
520
274
137
135
731
158
665
912
557
746
300
616
677
811
783
872
184
870
844
737
327
115
714
70
263
217
85
473
485
806
518
491
499
470
686
158
88
145
809
976
155
828
376
58
870
834
131
321
57
354
597
704
648
785
820
540
90
610
487
70
712
540
934
641
346
826
607
483
853
17
352
498
286
49
565
855
945
80
798
8
71
654
486
141
948
764
566
712
215
660
6
804
915
744
759
296
710
981
49
791
693
123
417
955
752
663
438
835
652
540
997
831
906
572
239
136
422
780
758
119
412
628
543
840
337
300
595
657
516
963
869
264
89
908
935
673
312
612
687
264
627
476
740
858
238
266
401
872
850
907
790
940
589
803
82
616
229
209
573
526
148
954
304
305
562
958
697
815
918
853
875
364
808
790
952
616
317
463
269
470
134
771
43
7
368
557
310
211
305
648
830
864
115
409
217
377
479
364
198
583
26
317
634
806
755
818
824
793
338
385
259
252
162
272
582
726
24
33
74
252
24
784
780
1000
474
476
928
308
429
777
890
209
492
634
620
944
92
593
808
519
834
956
678
795
645
135
734
557
667
112
760
474
534
204
278
651
965
732
101
900
385
327
706
538
910
568
998
877
72
67
772
293
748
945
642
696
460
756
757
436
661
282
428
95
685
920
353
730
255
842
948
560
666
318
576
113
399
935
695
596
285
837
86
478
370
625
192
513
445
31
778
51
109
643
954
435
830
649
886
419
520
577
469
681
465
625
992
870
35
887
39
31
746
673
501
384
571
31
802
922
299
353
65
267
551
925
176
164
543
174
736
466
8
806
792
59
71
332
308
392
785
641
943
41
20
683
219
2
196
254
42
216
270
291
144
331
185
494
746
962
960
373
674
124
209
554
371
792
680
404
580
957
761
361
528
937
154
152
391
243
470
902
805
201
132
317
680
147
47
932
831
571
657
537
448
843
86
549
893
57
723
234
153
684
29
753
33
895
24
973
23
52
296
686
291
583
261
893
675
393
608
330
996
973
452
89
537
122
797
392
840
724
420
527
70
988
763
634
5
159
358
118
896
592
124
458
786
932
974
701
866
643
221
34
759
486
852
905
134
264
169
181
851
296
702
554
105
96
824
976
517
510
436
606
288
633
114
556
371
871
275
165
378
403
364
208
782
217
812
519
301
733
276
991
751
949
665
933
669
741
639
790
8
705
585
213
620
146
362
396
692
307
691
865
61
639
923
452
332
622
23
708
578
887
161
406
455
725
160
721
996
209
157
122
627
573
996
905
803
672
714
359
472
341
924
304
314
165
551
731
968
811
153
286
440
274
252
834
24
427
631
244
842
259
253
504
278
891
511
226
863
972
348
776
225
563
850
576
706
60
696
690
25
543
938
532
268
980
947
500
895
749
649
901
764
718
429
485
112
558
166
254
741
127
509
459
526
292
296
560
150
718
493
643
701
860
921
989
979
218
151
633
182
334
461
759
686
612
418
465
79
752
192
723
301
465
67
38
69
894
423
285
424
276
565
241
314
814
364
542
231
15
566
283
783
274
387
179
527
455
854
17
15
62
649
666
6
679
671
489
101
822
17
75
88
994
767
283
312
861
651
166
790
326
590
935
312
810
599
306
924
21
300
816
471
543
208
311
648
445
161
952
888
262
338
537
367
51
978
944
621
561
6
796
684
964
652
317
562
388
421
638
509
346
245
528
260
603
892
481
337
656
282
967
289
228
375
777
873
228
960
934
113
149
575
80
231
450
111
711
530
848
408
835
138
226
358
498
967
698
72
292
265
475
362
938
931
915
50
473
816
406
654
988
663
840
338
526
637
298
299
605
648
42
327
48
790
117
115
765
831
999
789
148
449
852
879
981
954
616
175
298
237
267
776
168
495
37
293
772
361
930
39
883
208
662
800
474
797
396
780
347
251
823
826
457
489
583
869
773
49
187
766
921
551
314
539
168
924
603
43
253
403
266
300
607
74
402
752
306
550
167
355
440
866
386
121
575
730
744
259
606
935
354
21
781
656
942
136
524
878
197
429
594
463
901
186
938
142
399
964
608
890
259
407
465
622
311
163
778
424
245
207
638
694
298
900
174
552
577
341
621
849
644
518
328
952
288
341
988
118
183
167
969
133
770
867
282
736
253
703
78
845
105
961
814
616
389
673
651
880
594
993
797
114
98
645
827
664
850
682
394
336
850
418
812
68
864
114
439
598
199
597
349
880
95
878
838
696
552
147
736
902
893
508
90
916
900
427
31
699
700
425
707
723
671
269
773
941
863
138
288
856
39
999
86
919
178
847
708
599
196
446
69
757
296
598
237
767
82
298
383
779
591
950
827
960
51
748
782
423
244
462
30
199
692
349
875
423
714
622
250
674
952
525
344
417
118
864
537
768
64
412
145
660
896
14
545
667
723
345
599
889
944
437
275
709
338
81
165
179
885
616
492
51
561
567
942
397
696
556
353
607
102
482
172
485
324
435
860
172
660
748
263
310
367
525
74
560
237
492
950
418
814
596
548
77
140
624
326
175
215
957
759
836
267
699
396
910
210
221
634
43
709
598
214
993
803
827
986
169
959
658
872
654
960
946
622
817
292
486
36
963
813
27
624
26
653
227
836
701
992
634
733
321
674
875
72
616
283
441
506
82
212
358
249
56
540
59
487
583
736
413
616
740
443
596
375
512
327
234
566
214
889
100
369
359
731
831
918
989
931
63
836
582
625
618
330
385
393
93
729
735
376
900
651
608
261
226
203
72
442
637
771
386
105
108
924
617
114
98
130
952
787
265
497
688
208
90
425
717
813
500
334
291
714
501
732
598
550
240
765
850
52
610
923
109
840
75
970
260
875
283
647
894
176
396
6
256
753
91
369
538
835
783
824
1000
559
382
561
258
442
756
271
830
360
199
38
418
704
102
70
905
951
32
245
634
6
659
733
899
314
403
564
322
294
504
540
210
47
108
306
284
172
244
895
37
855
908
796
843
792
642
596
681
395
526
283
427
628
758
131
205
883
61
458
998
348
145
561
585
949
513
856
510
49
646
239
539
446
695
513
997
189
457
305
518
334
357
957
797
354
407
810
983
747
2
494
689
951
8
94
295
817
171
825
335
47
292
193
373
992
313
478
313
514
785
192
846
410
617
458
845
588
25
86
204
895
29
915
269
596
684
278
323
135
403
787
434
217
18
203
521
3
815
144
108
543
87
566
353
398
809
395
101
634
183
393
348
75
62
851
552
414
790
674
700
899
985
826
587
33
596
885
528
222
390
388
55
275
621
912
586
253
926
468
5
214
816
726
153
354
64
653
894
68
284
70
416
431
486
695
847
68
933
277
44
742
376
692
317
150
30
174
760
299
61
73
358
906
433
612
775
908
372
380
290
387
2
997
840
298
645
306
193
336
842
353
283
425
396
363
378
593
274
434
59
977
340
94
2
907
513
110
243
283
687
971
760
26
143
735
501
245
16
392
707
168
867
891
597
957
916
666
613
893
473
297
251
72
309
387
141
854
973
188
862
203
103
412
872
285
545
604
681
976
476
675
745
177
590
241
646
880
559
953
495
107
726
59
970
832
251
211
161
673
437
201
564
559
868
473
174
959
692
787
892
342
713
914
313
179
717
429
848
890
903
729
38
592
116
429
978
885
522
524
684
111
502
556
105
231
345
19
530
976
830
570
700
460
651
658
179
827
275
40
527
609
869
178
744
85
392
929
590
737
148
629
898
745
907
139
702
393
531
153
341
315
193
950
778
884
937
901
105
446
138
415
903
898
172
395
296
245
757
41
771
39
256
606
818
493
173
971
179
310
807
857
36
749
194
416
315
673
19
474
447
354
203
37
491
255
409
33
569
306
920
434
364
78
52
287
925
830
333
610
725
953
782
698
434
382
863
944
238
606
909
523
669
775
268
672
656
818
881
2
936
481
25
129
336
203
206
428
122
276
662
522
584
540
287
139
922
569
769
37
893
543
425
342
695
537
25
219
170
459
419
23
914
810
132
375
237
806
320
644
605
325
923
351
644
361
533
652
179
653
163
894
78
187
738
98
901
320
127
10
38
179
338
417
639
670
380
872
721
841
915
672
375
162
497
549
331
859
80
183
68
438
195
669
971
20
981
451
369
837
708
974
691
376
373
881
274
813
796
258
256
862
887
889
825
871
916
137
726
519
822
941
133
646
343
116
118
138
299
105
735
666
211
468
962
252
248
322
811
34
704
786
993
300
70
52
799
238
682
735
257
182
289
815
365
602
896
504
398
268
266
825
643
865
895
650
217
366
604
369
614
362
800
875
399
942
946
187
234
718
271
363
324
560
77
369
820
747
493
260
658
562
192
287
802
118
748
585
543
410
713
433
660
138
441
338
853
861
441
351
135
613
800
667
301
459
793
626
378
637
686
68
980
314
897
576
889
